0.8914285714285715,0.9852691218130312,0.9346012890180715,0.9928856004553216,0.9639645823323495,0.6809338521400778
0.9708843340334613
0.8818074191002367,0.984759671746776,0.9826577939100625,0.9858986110131848,0.9589393221944125,0.9526627218934911
0.9645329337044173
0.9664031620553359,0.9823726745959134,0.9833255519242313,0.9938537619215825,0.9872081644065427,0.9651741293532339
0.9527762656505171
0.9744488977955912,0.9791269010528908,0.9736928858706402,0.9228150572831424,0.977282143350366,0.8634146341463415
0.9309800545271919
0.9775583482944344,0.9925976189007464,0.9814642572415626,0.9913817462560045,0.9589427076345096,0.9378531073446328
0.9643006554176544
0.899581589958159,0.9934648816699448,0.9884706680230587,0.9975058789995012,0.9808881784696644,0.34196891191709844
0.9371869500473805
0.8851692537871704,0.9947643979057592,0.9885332059245103,0.995099083741743,0.9898997134670487,0.2537313432835821
0.9630939993062781
0.9364464251114125,0.9888922795239549,0.9869652406417112,0.9996442040845371,0.9922345039876871,0.9509803921568627
0.9767605139366706
0.9109691960931631,0.9893057932045954,0.9816611295681064,0.9971667374982293,0.995630725863284,0.9420289855072463
0.9824161742720866
0.9649484536082474,0.9926289926289926,0.9743185550082102,0.9992841291431026,0.9874991318841586,1.0
0.9723245949516723
